20110000
20120000
20100064
2033ff9c
00000000
00000000
2614fc18
00000000
00000000
321503f2
00000000
00000000
36510064
00000000
00000000
3a550064
00000000
00000000
2eb40064
00000000
00000000
02538820
00000000
00000000
02328820
00000000
00000000
02538822
00000000
00000000
02529823
00000000
00000000
02b2a024
00000000
00000000
02719025
00000000
00000000
02749027
00000000
00000000
0272a026
00000000
00000000
0253802a
00000000
00000000
0275882b
00000000
00000000
20160064
00000000
00000000
aed00000
aed10004
aed20008
aed3000c
aed40010
aed50014
2008ffff
20090000
00000000
00000000
ad280000
00000000
00000000
21290004
00000000
00000000
a5280000
00000000
00000000
21290004
00000000
00000000
a1280000
00000000
00000000
8c0a0000
00000000
00000000
21290004
00000000
00000000
ad2a0000
00000000
00000000
840a0000
00000000
00000000
21290004
00000000
00000000
ad2a0000
00000000
00000000
940a0000
00000000
00000000
21290004
00000000
00000000
ad2a0000
00000000
00000000
800a0000
00000000
00000000
21290004
00000000
00000000
ad2a0000
00000000
00000000
900a0000
00000000
00000000
21290004
00000000
00000000
ad2a0000
00000000
00000000
3c0bffff
00000000
00000000
21290004
00000000
00000000
ad2a0000
00000000
00000000
000b5880
00000000
00000000
21290004
00000000
00000000
ad2b0000
00000000
00000000
000b5883
00000000
00000000
21290004
00000000
00000000
ad2b0000
00000000
00000000
000b5882
00000000
00000000
200a003c
00000000
00000000
214a003c
00000000
00000000
20010078
102a0009
00000000
00000000
200100b4
142afff4
00000000
00000000
ad2b0000
00000000
00000000
0c000caf
00000000
00000000
08000cb2
00000000
00000000
03e00008
00000000
00000000
00000000
